#第一战test？
105003	1	1	2	0	0	0	0	0	0	0	0	0	921003801	1	0	0	0
105003	2	0	3	0	0	0	0	0	0	0	0	0	921003801	2	0	0	0
105003	3	0	4	0	0	0	0	0	0	0	0	0	921003801	3	0	0	0
105003	4	0	5	0	0	0	0	0	0	0	0	0	921003801	4	0	0	0
105003	5	0	6	0	0	0	0	0	0	0	0	0	921003801	5	0	0	0
105003	6	0	7	0	0	0	0	0	0	0	0	1	10001502	0	0	0	0
105003	7	0	8	0	0	0	0	0	0	0	0	0	921003801	6	0	0	0
105003	8	0	9	0	0	0	0	0	0	0	0	0	921003801	7	0	0	0
105003	9	0	10	0	0	0	0	0	0	0	0	0	921003801	8	0	0	0
105003	10	0	0	0	0	0	0	0	0	0	0	0	921003801	9	0	0	0
105003	11	1	18	0	7	0	0	0	0	0	0	0	921003801	21	0	0	0
105003	12	1	13	0	6	4	0	0	0	0	0	0	105003	1	0	0	0
105003	13	0	14	0	0	0	0	0	0	0	0	1	99904601	0	0	0	0
105003	14	0	15	0	0	0	0	0	0	0	0	0	105003	2	0	0	0
105003	15	0	16	0	0	0	0	0	0	0	0	0	105003	3	0	0	0
105003	16	0	17	0	0	0	0	0	0	0	0	0	105003	4	0	0	0
105003	17	0	0	0	0	0	0	0	0	0	0	0	105003	5	0	0	0
105003	18	0	19	0	0	0	0	0	0	0	0	0	105003	6	0	0	0
105003	19	0	20	0	0	0	0	0	0	0	0	0	105003	7	0	0	0
105003	20	0	21	0	0	0	0	0	0	0	0	0	105003	8	0	0	0
105003	21	0	22	0	0	0	0	0	0	0	0	0	105003	9	0	0	0
105003	22	0	23	0	0	0	0	0	0	0	0	0	105003	11	0	0	0
105003	23	0	24	0	0	0	0	0	0	0	0	0	105003	12	0	0	0
105003	24	0	25	0	0	0	0	0	0	0	0	0	105003	13	0	0	0
105003	25	0	26	0	0	0	0	0	0	0	0	0	105003	14	0	0	0
105003	26	0	0	0	0	0	0	0	0	0	0	6	999000023	0	0	0	0
#第一战真
210038	1	1	2	0	0	0	0	0	0	0	0	0	921003801	1	0	0	0
210038	2	0	3	0	0	0	0	0	0	0	0	0	921003801	2	0	0	0
210038	3	0	4	0	0	0	0	0	0	0	0	0	921003801	3	0	0	0
210038	4	0	5	0	0	0	0	0	0	0	0	0	921003801	4	0	0	0
210038	5	0	6	0	0	0	0	0	0	0	0	0	921003801	5	0	0	0
210038	6	0	7	0	0	0	0	0	0	0	0	1	10001502	0	0	0	0
210038	7	0	8	0	0	0	0	0	0	0	0	0	921003801	6	0	0	0
210038	8	0	9	0	0	0	0	0	0	0	0	0	921003801	7	0	0	0
210038	9	0	10	0	0	0	0	0	0	0	0	0	921003801	8	0	0	0
210038	10	0	0	0	0	0	0	0	0	0	0	0	921003801	9	0	0	0
210038	11	1	12	0	6	2	0	0	0	0	0	0	921003801	10	0	0	0
210038	12	0	13	0	0	0	0	0	0	0	0	0	921003801	11	0	0	0
210038	13	0	14	0	0	0	0	0	0	0	0	0	921003801	12	0	0	0
210038	14	0	15	0	0	0	0	0	0	0	0	0	921003801	13	0	0	0
210038	15	0	16	0	0	0	0	0	0	0	0	0	921003801	14	0	0	0
210038	16	0	17	0	0	0	0	0	0	0	0	0	921003801	15	0	0	0
210038	17	0	0	0	0	0	0	0	0	0	0	0	921003801	16	0	0	0
210038	18	1	19	0	6	3	0	0	0	0	0	0	921003801	17	0	0	0
210038	19	0	0	0	0	0	0	0	0	0	0	0	921003801	18	0	0	0
210038	20	1	21	0	1	10001502	0	0	0	0	0	0	921003801	19	0	0	0
210038	21	0	0	0	0	0	0	0	0	0	0	0	921003801	20	0	0	0
210038	22	1	23	0	6	4	0	0	0	0	0	0	105003	1	0	0	0
210038	23	0	24	0	0	0	0	0	0	0	0	1	99904601	0	0	0	0
210038	24	0	25	0	0	0	0	0	0	0	0	0	105003	2	0	0	0
210038	25	0	26	0	0	0	0	0	0	0	0	0	105003	3	0	0	0
210038	26	0	27	0	0	0	0	0	0	0	0	0	105003	4	0	0	0
210038	27	0	0	0	0	0	0	0	0	0	0	0	105003	5	0	0	0
210038	28	0	29	0	0	0	0	0	0	0	0	0	105003	6	0	0	0
210038	29	0	30	0	0	0	0	0	0	0	0	0	105003	7	0	0	0
210038	30	0	31	0	0	0	0	0	0	0	0	0	105003	8	0	0	0
210038	31	0	32	0	0	0	0	0	0	0	0	0	105003	9	0	0	0
210038	32	0	33	0	0	0	0	0	0	0	0	0	105003	10	0	0	0
210038	33	0	33	0	0	0	0	0	0	0	0	0	105003	11	0	0	0
210038	34	0	34	0	0	0	0	0	0	0	0	0	105003	12	0	0	0
210038	35	0	35	0	0	0	0	0	0	0	0	0	105003	13	0	0	0
210038	36	0	0	0	0	0	0	0	0	0	0	6	999000023	0	0	0	0
210038	37	1	28	0	7	0	0	0	0	0	0	0	921003801	21	0	0	0




999006	1	1	2	0	7	0	0	0	0	0	0	0	99900033	1	0	1	0
999006	2	0	0	0	0	0	0	0	0	0	0	6	999000023	0	0	0	0

#黑白无常互生
109007	5	1	6	0	5	10010903	0	0	0	0	0	4	10001401	999015	0	0	1
109007	6	0	7	0	0	0	0	0	0	0	0	0	109007	4	0	0	1
109007	7	0	0	0	0	10011003	1	1	0	10	0	1	10010903	1	0	0	1
109007	8	1	9	0	5	10011003	0	0	0	0	0	4	10001401	999015	0	0	1
109007	9	0	10	0	0	0	0	0	0	0	0	0	109007	5	0	0	1
109007	10	0	0	0	0	10010903	1	1	0	10	0	1	10011003	1	0	0	1
#舔狗战
106002	1	1	2	0	6	2	0	0	0	0	0	0	20620002	6	0	0	0
106002	2	0	0	0	0	0	0	0	0	0	0	0	20620002	7	0	0	0
106002	3	1	4	0	1	99904401	0	0	0	0	0	0	700004	1	0	0	1
106002	4	0	0	0	0	0	0	0	0	0	0	1	99904501	1	0	0	1
106002	5	1	6	0	1	99904501	0	0	0	0	0	0	700004	1	0	0	1
106002	6	0	0	0	0	0	0	0	0	0	0	1	91000102	1	0	0	1
106002	7	1	8	0	4	10001105	1	4	0	80	0	0	106002	1	0	0	1
106002	8	0	9	0	0	10001005	1	1	0	0	0	0	106002	2	0	0	1
106002	9	0	0	0	0	0	0	0	0	0	0	1	99904401	1	0	0	1
106002	10	1	11	0	4	10001105	1	4	0	60	0	0	106002	1	0	0	1
106002	11	0	12	0	0	10031205	1	1	0	0	0	0	106002	3	0	0	1
106002	12	0	0	0	0	0	0	0	0	0	0	4	10001105	500055	0	0	1
#二师兄--盟主
106003	17	1	18	0	4	10001606	1	4	0	80	0	0	106003	1	0	0	0
106003	18	0	0	0	0	0	0	0	0	0	0	4	10001606	500060	0	0	0
#秦红殇end-打海盗
200039	1	1	2	0	9	1	0	0	0	0	0	0	200039	1	0	0	0
200039	2	0	3	0	0	0	0	0	0	0	0	1	99900603	1	0	0	0
200039	3	0	4	0	0	0	0	0	0	0	0	1	99901301	1	0	0	0
200039	4	0	5	0	0	0	0	0	0	0	0	1	99901401	1	0	0	0
200039	5	0	6	0	0	0	0	0	0	0	0	1	99901501	1	0	0	0
200039	6	0	7	0	0	0	0	0	0	0	0	1	99901601	1	0	0	0
200039	7	0	8	0	0	0	0	0	0	0	0	1	99901701	1	0	0	0
200039	8	0	0	0	0	0	0	0	0	0	0	1	99903901	1	0	0	0
200039	9	1	10	0	6	1	0	0	0	0	0	0	200039	3	0	1	0
200039	10	0	11	0	0	0	0	0	0	0	0	0	200039	4	0	0	0
200039	11	0	12	0	0	0	0	0	0	0	0	0	200039	5	0	0	0
200039	12	0	13	0	0	0	0	0	0	0	0	0	200039	6	0	0	0
200039	13	0	0	0	0	0	0	0	0	0	0	0	200039	7	0	0	0
200039	14	1	15	0	5	99901401	0	0	0	0	0	4	10001401	999015	0	0	1
200039	15	0	17	0	0	0	0	0	0	0	0	0	999030	6	0	0	1
200039	17	0	18	0	0	0	0	0	0	0	0	1	99901401	1	0	0	1
200039	18	0	0	0	0	0	0	0	0	0	0	0	999030	7	0	0	1
200039	19	1	20	0	5	99901501	0	0	0	0	0	4	10001401	999015	0	0	1
200039	20	0	21	0	0	0	0	0	0	0	0	0	999030	6	0	0	1
200039	21	0	22	0	0	0	0	0	0	0	0	1	99901501	1	0	0	1
200039	22	0	0	0	0	0	0	0	0	0	0	0	999030	7	0	0	1
200039	23	1	24	0	5	99901601	0	0	0	0	0	4	10001401	999015	0	0	1
200039	24	0	25	0	0	0	0	0	0	0	0	0	999030	6	0	0	1
200039	25	0	26	0	0	0	0	0	0	0	0	1	99901601	1	0	0	1
200039	26	0	0	0	0	0	0	0	0	0	0	0	999030	7	0	0	1
200039	27	1	28	0	5	99901701	0	0	0	0	0	4	10001401	999015	0	0	1
200039	28	0	29	0	0	0	0	0	0	0	0	0	999030	6	0	0	1
200039	29	0	30	0	0	0	0	0	0	0	0	1	99901701	1	0	0	1
200039	30	0	0	0	0	0	0	0	0	0	0	0	999030	7	0	0	1
200039	31	1	32	0	5	99901301	0	0	0	0	0	4	10001401	999015	0	0	0
200039	32	0	33	0	0	0	0	0	0	0	0	0	999030	6	0	0	1
200039	33	0	34	0	0	0	0	0	0	0	0	1	99901301	1	0	0	1
200039	34	0	0	0	0	0	0	0	0	0	0	0	999030	7	0	0	1
200039	35	1	36	0	5	99903901	0	0	0	0	0	0	200039	2	0	0	0
200039	36	0	0	0	0	0	0	0	0	0	0	9	0	0	0	0	0
#华山打天龙教
134601	1	1	2	0	6	3	0	0	0	0	0	0	134601	6	0	0	0
134601	2	0	0	0	0	0	0	0	0	0	0	4	10001105	600021	0	0	0
134601	3	1	4	0	1	99904401	0	0	0	0	0	0	700004	1	0	0	1
134601	4	0	0	0	0	0	0	0	0	0	0	1	99904501	1	0	0	1
134601	5	1	6	0	1	99904501	0	0	0	0	0	0	700004	1	0	0	1
134601	6	0	0	0	0	0	0	0	0	0	0	1	91000102	1	0	0	1
134601	7	1	8	0	4	10001105	1	4	0	80	0	0	106002	1	0	0	1
134601	8	0	9	0	0	10001005	1	1	0	0	0	0	106002	2	0	0	1
134601	9	0	0	0	0	10001005	1	1	0	0	0	1	99904401	1	0	0	1
134601	10	1	12	0	4	10001804	1	4	0	30	0	0	134601	1	0	0	0
134601	12	0	14	0	0	0	0	0	0	0	0	4	10001804	500059	0	0	0
134601	14	0	0	0	0	0	0	0	0	0	0	4	10001804	500060	0	0	0
134601	15	1	16	0	1	99900803	5	0	10001804	0	0	0	134601	2	0	0	0
134601	16	0	17	0	0	0	0	0	0	0	0	0	134601	3	0	0	0
134601	17	0	18	0	0	0	0	0	0	0	0	0	134601	4	0	0	0
134601	18	0	19	0	0	0	0	0	0	0	0	0	134601	5	0	0	0
134601	19	0	0	0	0	0	0	0	0	0	0	4	10001804	999044	0	0	0
#铸剑山庄打二师兄，师叔
110002	1	1	2	0	7	0	0	0	0	0	0	0	21060001	21	0	0	0
110002	2	0	3	0	0	0	0	0	0	0	0	0	21060001	22	0	0	0
110002	3	0	4	0	0	0	0	0	0	0	0	0	21060001	23	0	0	0
110002	4	0	0	0	0	0	0	0	0	0	0	0	21060001	24	0	0	0
110002	10	1	12	0	4	10001805	1	4	0	30	0	0	134601	1	0	0	0
110002	12	0	14	0	0	0	0	0	0	0	0	4	10001805	500059	0	0	0
110002	14	0	0	0	0	0	0	0	0	0	0	4	10001805	500060	0	0	0
110002	15	1	16	0	1	99900803	5	0	10001805	0	0	0	134601	2	0	0	0
110002	16	0	17	0	0	0	0	0	0	0	0	0	134601	3	0	0	0
110002	17	0	18	0	0	0	0	0	0	0	0	0	134601	4	0	0	0
110002	18	0	19	0	0	0	0	0	0	0	0	0	134601	5	0	0	0
110002	19	0	0	0	0	0	0	0	0	0	0	4	10001805	999044	0	0	0
#杭州打公孙坚
210097	1	1	2	0	6	1	0	0	0	0	0	0	210097	1	0	0	0
210097	2	0	0	0	0	0	0	0	0	0	0	4	10031205	999043	0	0	0
#抓金翅鸟
111601	1	1	2	0	4	10014304	1	4	0	10	0	0	111601	1	0	0	0
111601	2	0	3	0	0	0	0	0	0	0	0	0	111601	2	0	0	0
111601	3	0	0	0	0	0	0	0	0	0	0	9	0	0	0	0	0
#盟主线打武林各派掌门
134605	1	1	2	0	5	10007703	0	0	0	0	0	1	10009303	1	0	0	0
134605	2	0	19	0	0	0	0	0	0	0	0	0	23462005	2	0	0	0
134605	3	1	4	0	5	10009303	0	0	0	0	0	1	10011803	1	0	0	0
134605	4	0	19	0	0	0	0	0	0	0	0	0	23462005	3	0	0	0
134605	5	1	6	0	5	10011803	0	0	0	0	0	1	10012303	1	0	0	0
134605	6	0	19	0	0	0	0	0	0	0	0	0	23462005	4	0	0	0
134605	7	1	8	0	5	10012303	0	0	0	0	0	1	10008803	1	0	0	0
134605	8	0	19	0	0	0	0	0	0	0	0	0	23462005	5	0	0	0
134605	9	1	10	0	5	10008803	0	0	0	0	0	1	10008003	1	0	0	0
134605	10	0	19	0	0	0	0	0	0	0	0	0	23462005	6	0	0	0
134605	11	1	12	0	5	10008003	0	0	0	0	0	1	10007404	1	0	0	0
134605	12	0	19	0	0	0	0	0	0	0	0	0	23462005	7	0	0	0
134605	13	1	14	0	5	10007404	0	0	0	0	0	1	10003803	1	0	0	0
134605	14	0	19	0	0	0	0	0	0	0	0	0	23462005	8	0	0	0
134605	15	1	16	0	5	10003803	0	0	0	0	0	1	10009905	1	0	0	0
134605	16	0	19	0	0	0	0	0	0	0	0	0	23462005	9	0	0	0
134605	17	1	18	0	5	10009905	0	0	0	0	0	1	10004404	1	0	0	0
134605	18	0	0	0	0	0	0	0	0	0	0	0	23462005	10	0	0	0
134605	19	0	0	0	0	0	0	0	0	0	0	4	10001401	500050	0	0	1
134605	20	1	0	0	0	0	0	0	0	0	0	0	23462005	1	0	0	0
#盟主线打天龙教1
120401	1	1	0	0	7	0	0	0	0	0	0	0	22040001	20	0	0	0
120401	2	1	3	0	6	1	0	0	0	0	0	1	10012905	1	36	0	0
120401	3	0	4	0	0	0	0	0	0	0	0	1	10013006	1	49	0	0
120401	4	0	5	0	0	0	0	0	0	0	0	1	10013006	1	50	0	0
120401	5	0	6	0	0	0	0	0	0	0	0	1	10012705	1	73	0	0
120401	6	0	7	0	0	0	0	0	0	0	0	1	10013006	1	74	0	0
120401	7	0	8	0	0	0	0	0	0	0	0	1	10013006	1	88	0	0
120401	8	0	9	0	0	0	0	0	0	0	0	1	10012605	1	145	0	0
120401	9	0	10	0	0	0	0	0	0	0	0	1	10013006	1	146	0	0
120401	10	0	13	0	0	0	0	0	0	0	0	1	10013006	1	159	0	0
120401	11	1	0	0	6	3	0	0	0	0	0	1	10013303	1	95	0	0
120401	12	1	0	0	6	5	0	0	0	0	0	1	10013303	1	91	0	0
120401	13	0	14	0	0	0	0	0	0	0	0	1	10004203	0	90	0	0
120401	14	0	15	0	0	0	0	0	0	0	0	1	10005302	0	64	0	0
120401	15	0	27	0	0	0	0	0	0	0	0	1	10024602	0	114	0	0
120401	16	1	60	0	5	10004203	0	0	0	0	0	0	22040001	24	1	1	0
120401	17	1	61	0	5	10005302	0	0	0	0	0	0	22040001	25	1	2	0
120401	18	1	62	0	5	10024602	0	0	0	0	0	0	22040001	26	1	3	0
120401	19	1	57	0	6	5	0	0	0	0	0	0	22040001	27	0	1	0
120401	20	1	58	0	6	5	0	0	0	0	0	0	22040001	28	0	2	0
120401	21	1	59	0	6	5	0	0	0	0	0	0	22040001	29	0	3	0
120401	22	0	0	0	0	0	0	0	0	0	0	7	10004203	0	0	0	0
120401	23	0	0	0	0	0	0	0	0	0	0	7	10005302	0	0	0	0
120401	24	0	0	0	0	0	0	0	0	0	0	7	10024602	0	0	0	0
120401	25	1	0	0	6	3	0	0	0	0	0	1	10013304	1	92	0	0
120401	26	1	0	0	6	5	0	0	0	0	0	1	10013304	1	118	0	0
120401	27	0	28	0	0	0	0	0	0	0	0	0	22040001	21	0	0	0
120401	28	0	29	0	0	0	0	0	0	0	0	0	22040001	22	0	0	0
120401	29	0	0	0	0	0	0	0	0	0	0	0	22040001	23	0	0	0
120401	30	1	42	0	0	10002103	1	1	0	0	0	0	22040001	30	0	4	0
120401	31	1	42	0	0	10003502	1	1	0	0	0	0	22040001	30	0	4	0
120401	32	1	42	0	0	10005403	1	1	0	0	0	0	22040001	30	0	4	0
120401	33	1	42	0	0	10005502	1	1	0	0	0	0	22040001	30	0	4	0
120401	34	1	42	0	0	10005603	1	1	0	0	0	0	22040001	30	0	4	0
120401	35	1	42	0	0	10005703	1	1	0	0	0	0	22040001	30	0	4	0
120401	36	1	42	0	0	10005803	1	1	0	0	0	0	22040001	30	0	4	0
120401	37	1	42	0	0	10005902	1	1	0	0	0	0	22040001	30	0	4	0
120401	38	1	42	0	0	10006002	1	1	0	0	0	0	22040001	30	0	4	0
120401	39	1	42	0	0	10006103	1	1	0	0	0	0	22040001	30	0	4	0
120401	40	1	42	0	0	10008202	1	1	0	0	0	0	22040001	30	0	4	0
120401	41	1	42	0	0	10041903	1	1	0	0	0	0	22040001	30	0	4	0
120401	42	0	0	0	0	0	0	0	0	0	0	4	10012805	500073	0	0	0
120401	43	1	44	0	6	3	0	0	0	0	0	0	22040001	31	0	0	0
120401	44	0	0	0	0	0	0	0	0	0	0	4	10012805	500072	0	0	0
120401	45	1	46	0	6	2	0	0	0	0	0	0	22040001	32	0	0	0
120401	46	0	47	0	0	0	0	0	0	0	0	0	22040001	33	0	0	0
120401	47	0	0	0	0	0	0	0	0	0	0	0	22040001	34	0	0	0
120401	48	1	49	0	6	7	0	0	0	0	0	0	22040001	35	0	6	0
120401	49	0	50	55	0	10001503	1	3	0	50	0	0	22040001	36	0	5	0
120401	50	0	51	0	0	0	0	0	0	0	0	0	22040001	37	0	0	0
120401	51	0	52	0	0	0	0	0	0	0	0	4	10001503	500075	0	0	0
120401	52	0	53	0	0	0	0	0	0	0	0	0	22040001	38	0	0	0
120401	53	0	54	0	0	0	0	0	0	0	0	0	22040001	39	0	0	0
120401	54	0	0	0	0	0	0	0	0	0	0	0	22040001	40	0	0	0
120401	55	0	56	0	0	10001503	1	2	0	50	0	0	22040001	41	0	5	0
120401	56	0	0	0	0	0	0	0	0	0	0	4	10012905	500076	0	0	0
120401	57	0	22	0	0	0	0	0	0	0	0	4	0	500069	0	0	0
120401	58	0	23	0	0	0	0	0	0	0	0	4	0	500071	0	0	0
120401	59	0	24	0	0	0	0	0	0	0	0	4	0	500070	0	0	0
120401	60	0	0	0	0	0	0	0	0	0	0	4	0	500066	1	0	0
120401	61	0	0	0	0	0	0	0	0	0	0	4	0	500067	1	0	0
120401	62	0	0	0	0	0	0	0	0	0	0	4	0	500068	1	0	0
120401	63	1	0	0	5	10012903	0	0	0	0	0	0	22040001	42	0	6	0
#盟主线打天龙教2-殿后战
120404	1	1	2	0	6	1	0	0	0	0	0	1	10009904	0	27	0	0
120404	2	0	3	0	0	0	0	0	0	0	0	1	10013001	1	102	0	0
120404	3	0	4	0	0	0	0	0	0	0	0	1	10002201	0	88	0	0
120404	4	0	5	0	0	0	0	0	0	0	0	1	10002301	0	103	0	0
120404	5	0	6	0	0	0	0	0	0	0	0	1	10002401	0	101	0	0
120404	6	0	7	0	0	0	0	0	0	0	0	1	10002501	0	116	0	0
120404	7	0	8	0	0	0	0	0	0	0	0	1	10007703	0	114	0	0
120404	8	0	9	0	0	0	0	0	0	0	0	1	10008403	0	120	0	0
120404	9	0	10	0	0	0	0	0	0	0	0	1	10007103	0	146	0	0
120404	10	0	11	0	0	0	0	0	0	0	0	1	10009303	0	136	0	0
120404	11	0	12	0	0	0	0	0	0	0	0	1	10010003	0	38	0	0
120404	12	0	13	0	0	0	0	0	0	0	0	1	10003803	0	79	0	0
120404	13	0	14	0	0	0	0	0	0	0	0	1	10024504	0	191	0	0
120404	14	0	15	0	0	0	0	0	0	0	0	1	10013013	1	98	0	0
120404	15	0	16	0	0	0	0	0	0	0	0	1	10013005	1	126	0	0
120404	16	0	17	0	0	0	0	0	0	0	0	1	10013005	1	142	0	0
120404	17	0	18	0	0	0	0	0	0	0	0	1	10013009	1	149	0	0
120404	18	0	19	0	0	0	0	0	0	0	0	1	10013010	1	161	0	0
120404	19	0	20	0	0	0	0	0	0	0	0	1	10013011	1	107	0	0
120404	20	0	21	0	0	0	0	0	0	0	0	1	10013012	1	77	0	0
120404	21	0	22	0	0	0	0	0	0	0	0	1	10013013	1	50	0	0
120404	22	0	23	0	0	0	0	0	0	0	0	1	10013005	1	10	0	0
120404	23	0	24	0	0	0	0	0	0	0	0	1	10013005	1	81	0	0
120404	24	0	25	0	0	0	0	0	0	0	0	1	10013005	1	163	0	0
120404	25	0	26	0	0	0	0	0	0	0	0	1	10013005	1	136	0	0
120404	26	0	27	0	0	0	0	0	0	0	0	1	10013005	1	53	0	0
120404	27	0	28	0	0	0	0	0	0	0	0	1	10013005	1	109	0	0
120404	28	0	29	0	0	0	0	0	0	0	0	0	22040001	43	0	0	0
120404	29	0	30	0	0	0	0	0	0	0	0	0	22040001	44	0	0	0
120404	30	0	31	0	0	0	0	0	0	0	0	0	22040001	45	0	0	0
120404	31	0	122	0	0	0	0	0	0	0	0	0	22040001	46	0	0	0
120404	32	1	33	0	6	2	0	0	0	0	0	0	22040001	47	0	0	0
120404	33	0	34	0	0	0	0	0	0	0	0	0	22040001	48	0	0	0
120404	34	0	35	0	0	0	0	0	0	0	0	0	22040001	49	0	0	0
120404	35	0	36	0	0	0	0	0	0	0	0	1	10010903	1	7	0	0
120404	36	0	37	0	0	0	0	0	0	0	0	1	10011003	1	65	0	0
120404	37	0	38	0	0	0	0	0	0	0	0	1	10013005	1	96	0	0
120404	38	0	39	0	0	0	0	0	0	0	0	1	10013005	1	51	0	0
120404	39	0	40	0	0	0	0	0	0	0	0	1	10013005	1	61	0	0
120404	40	0	41	0	0	0	0	0	0	0	0	1	10013005	1	70	0	0
120404	41	0	42	0	0	0	0	0	0	0	0	0	22040001	50	0	0	0
120404	42	0	43	0	0	0	0	0	0	0	0	0	22040001	51	0	0	0
120404	43	0	44	0	0	0	0	0	0	0	0	0	22040001	52	0	0	0
120404	44	0	45	0	0	0	0	0	0	0	0	0	22040001	53	0	0	0
120404	45	0	46	0	0	0	0	0	0	0	0	0	22040001	54	0	0	0
120404	46	0	0	0	0	0	0	0	0	0	0	0	22040001	55	0	0	0
120404	47	0	48	0	0	0	0	0	0	0	0	0	22040001	56	0	0	0
120404	48	0	49	0	0	0	0	0	0	0	0	0	22040001	57	0	0	0
120404	49	0	50	0	0	0	0	0	0	0	0	0	22040001	58	0	0	0
120404	50	0	51	0	0	0	0	0	0	0	0	0	22040001	59	0	0	0
120404	51	0	52	0	0	0	0	0	0	0	0	0	22040001	60	0	0	0
120404	52	0	131	0	0	0	0	0	0	0	0	0	22040001	61	0	0	0
120404	53	1	0	0	6	5	0	0	0	0	0	1	10013014	1	175	0	0
120404	54	0	55	0	0	0	0	0	0	0	0	1	10013014	1	176	0	0
120404	55	0	56	0	0	0	0	0	0	0	0	1	10013014	1	177	0	0
120404	56	0	57	0	0	0	0	0	0	0	0	1	10013004	1	190	0	0
120404	57	0	58	0	0	0	0	0	0	0	0	1	10013014	1	43	0	0
120404	58	0	59	0	0	0	0	0	0	0	0	1	10013004	1	44	0	0
120404	59	0	60	0	0	0	0	0	0	0	0	1	10013014	1	45	0	0
120404	60	0	61	0	0	0	0	0	0	0	0	0	22040001	62	0	0	0
120404	61	0	62	0	0	0	0	0	0	0	0	0	22040001	63	0	0	0
120404	62	0	63	0	0	0	0	0	0	0	0	0	22040001	64	0	0	0
120404	63	0	64	0	0	0	0	0	0	0	0	0	22040001	65	0	0	0
120404	64	0	65	0	0	0	0	0	0	0	0	0	22040001	66	0	0	0
120404	65	0	66	0	0	0	0	0	0	0	0	7	10004403	0	0	0	0
120404	66	0	0	0	0	0	0	0	0	0	0	7	10024504	0	0	0	0
120404	67	1	68	0	6	6	0	0	0	0	0	1	10007404	0	206	0	0
120404	68	0	69	0	0	0	0	0	0	0	0	1	10007503	0	207	0	0
120404	69	0	70	0	0	0	0	0	0	0	0	0	22040001	67	0	0	0
120404	70	0	71	0	0	0	0	0	0	0	0	0	22040001	68	0	0	0
120404	71	0	72	0	0	0	0	0	0	0	0	0	22040001	69	0	0	0
120404	72	0	73	0	0	0	0	0	0	0	0	0	22040001	70	0	0	0
120404	73	0	74	0	0	0	0	0	0	0	0	0	22040001	71	0	0	0
120404	74	0	113	0	0	0	0	0	0	0	0	0	22040001	72	0	0	0
120404	75	1	76	0	6	8	0	0	0	0	0	1	10013013	1	175	0	0
120404	76	0	77	0	0	0	0	0	0	0	0	1	10013004	1	176	0	0
120404	77	0	78	0	0	0	0	0	0	0	0	1	10013013	1	177	0	0
120404	78	0	79	0	0	0	0	0	0	0	0	1	10013014	1	43	0	0
120404	79	0	80	0	0	0	0	0	0	0	0	1	10013004	1	44	0	0
120404	80	0	81	0	0	0	0	0	0	0	0	1	10013004	1	45	0	0
120404	81	0	135	0	0	0	0	0	0	0	0	1	10013014	1	46	0	0
120404	82	1	83	0	6	10	0	0	0	0	0	1	99002302	2	191	0	0
120404	83	0	84	0	0	0	0	0	0	0	0	1	99002402	2	192	0	0
120404	84	0	85	0	0	0	0	0	0	0	0	1	99002502	2	206	0	0
120404	85	0	86	0	0	0	0	0	0	0	0	1	99002602	2	207	0	0
120404	86	0	87	0	0	0	0	0	0	0	0	0	22040001	73	0	0	0
120404	87	0	88	0	0	0	0	0	0	0	0	0	22040001	74	0	0	0
120404	88	0	89	0	0	0	0	0	0	0	0	0	22040001	75	0	0	0
120404	89	0	90	0	0	0	0	0	0	0	0	0	22040001	76	0	0	0
120404	90	0	91	0	0	0	0	0	0	0	0	0	22040001	77	0	0	0
120404	91	0	92	0	0	0	0	0	0	0	0	0	22040001	78	0	0	0
120404	92	0	93	0	0	0	0	0	0	0	0	0	22040001	79	0	0	0
120404	93	0	94	0	0	0	0	0	0	0	0	7	10007404	0	0	0	0
120404	94	0	0	0	0	0	0	0	0	0	0	7	10007503	0	0	0	0
120404	95	1	96	0	5	10011003	0	0	0	0	0	4	99999999	500000	0	0	1
120404	96	0	97	0	0	10010903	1	1	0	10	0	1	10011003	1	112	0	1
120404	97	0	98	0	0	0	0	0	0	0	0	4	10011003	500104	0	0	1
120404	98	0	99	0	0	0	0	0	0	0	0	0	22080001	119	0	3	0
120404	99	0	100	0	0	0	0	0	0	0	0	0	22080001	120	0	0	0
120404	100	0	101	0	0	0	0	0	0	0	0	0	22080001	121	0	0	0
120404	101	0	102	0	0	0	0	0	0	0	0	0	22080001	122	0	0	0
120404	102	0	103	0	0	0	0	0	0	0	0	0	22080001	123	0	0	0
120404	103	0	0	0	0	0	0	0	0	0	0	0	22080001	124	0	0	0
120404	104	1	105	0	5	10010903	0	0	0	0	0	4	99999999	500000	0	0	1
120404	105	0	106	0	0	10011003	1	1	0	10	0	1	10010903	1	125	0	1
120404	106	0	107	0	0	0	0	0	0	0	0	4	10010903	500104	0	0	1
120404	107	0	108	0	0	0	0	0	0	0	0	0	22080001	125	0	3	0
120404	108	0	109	0	0	0	0	0	0	0	0	0	22080001	126	0	0	0
120404	109	0	110	0	0	0	0	0	0	0	0	0	22080001	127	0	0	0
120404	110	0	111	0	0	0	0	0	0	0	0	0	22080001	128	0	0	0
120404	111	0	112	0	0	0	0	0	0	0	0	0	22080001	129	0	0	0
120404	112	0	0	0	0	0	0	0	0	0	0	0	22080001	130	0	0	0
120404	113	0	0	0	0	0	0	0	0	0	0	4	0	500127	0	0	0
120404	114	1	115	0	5	10002201	8	5	20000015	0	0	0	22040001	80	0	0	0
120404	115	0	123	0	0	0	0	0	0	0	0	4	0	500066	1	0	0
120404	116	1	117	0	5	10002301	8	5	20000015	0	0	0	22040001	81	0	0	0
120404	117	0	124	0	0	0	0	0	0	0	0	4	0	500067	1	0	0
120404	118	1	119	0	5	10002401	8	5	20000015	0	0	0	22040001	82	0	0	0
120404	119	0	125	0	0	0	0	0	0	0	0	4	0	500068	1	0	0
120404	120	1	121	0	5	10002501	8	5	20000015	0	0	0	22040001	83	0	0	0
120404	121	0	126	0	0	0	0	0	0	0	0	4	0	500128	1	0	0
120404	122	0	127	0	0	0	0	0	0	0	0	4	0	500129	0	0	0
120404	123	0	124	0	0	0	0	0	0	0	0	0	22040001	84	0	0	0
120404	124	0	125	0	0	0	0	0	0	0	0	0	22040001	85	0	0	0
120404	125	0	126	0	0	0	0	0	0	0	0	0	22040001	86	0	0	0
120404	126	0	0	0	0	0	0	0	0	0	0	0	22040001	87	0	0	0
120404	127	0	128	0	0	0	0	0	0	0	0	4	10002201	500130	0	0	0
120404	128	0	129	0	0	0	0	0	0	0	0	4	10002301	500130	0	0	0
120404	129	0	130	0	0	0	0	0	0	0	0	4	10002401	500130	0	0	0
120404	130	0	0	0	0	0	0	0	0	0	0	4	10002501	500130	0	0	0
120404	131	0	132	0	0	0	0	0	0	0	0	7	10002201	0	0	0	0
120404	132	0	133	0	0	0	0	0	0	0	0	7	10002301	0	0	0	0
120404	133	0	134	0	0	0	0	0	0	0	0	7	10002401	0	0	0	0
120404	134	0	0	0	0	0	0	0	0	0	0	7	10002501	0	0	0	0
120404	135	0	0	0	0	0	0	0	0	0	0	0	22040002	11	0	0	0
120404	136	1	137	0	6	12	0	0	0	0	0	1	36006807	1	76	0	0
120404	137	0	138	0	0	0	0	0	0	0	0	1	36006807	1	108	0	0
120404	138	0	139	0	0	0	0	0	0	0	0	1	36006806	1	115	0	0
120404	139	0	140	0	0	0	0	0	0	0	0	1	36006806	1	131	0	0
120404	140	0	141	0	0	0	0	0	0	0	0	1	36006806	1	79	0	0
120404	141	0	142	0	0	0	0	0	0	0	0	1	36006806	1	133	0	0
120404	142	0	143	0	0	0	0	0	0	0	0	1	36006805	1	192	0	0
120404	143	0	0	0	0	0	0	0	0	0	0	1	36006805	1	93	0	0
120404	144	0	0	0	0	0	0	0	0	0	0	0	22040002	11	0	0	0
120404	145	1	146	0	4	10003803	1	4	0	50	0	0	22040001	88	0	0	0
120404	146	0	147	0	0	0	0	0	0	0	0	0	22040001	89	0	0	0
120404	147	0	148	0	0	0	0	0	0	0	0	1	10004004	0	163	0	0
120404	148	0	149	0	0	0	0	0	0	0	0	1	10004204	0	177	0	0
120404	149	0	150	0	0	0	0	0	0	0	0	1	10004204	0	178	0	0
120404	150	0	151	0	0	0	0	0	0	0	0	1	10004204	0	191	0	0
120404	151	0	152	0	0	0	0	0	0	0	0	0	22040001	90	0	0	0
120404	152	0	153	0	0	0	0	0	0	0	0	0	22040001	91	0	0	0
120404	153	0	154	0	0	0	0	0	0	0	0	0	22040001	92	0	0	0
120404	154	0	155	0	0	0	0	0	0	0	0	0	22040001	93	0	0	0
120404	155	0	156	0	0	0	0	0	0	0	0	0	22040001	94	0	0	0
120404	156	0	157	0	0	0	0	0	0	0	0	0	22040001	95	0	0	0
120404	157	0	158	0	0	0	0	0	0	0	0	0	22040001	96	0	0	0
120404	158	0	159	0	0	0	0	0	0	0	0	0	22040001	97	0	0	0
120404	159	0	160	0	0	0	0	0	0	0	0	0	22040001	98	0	0	0
120404	160	0	161	0	0	0	0	0	0	0	0	0	22040001	99	0	0	0
120404	161	0	162	0	0	0	0	0	0	0	0	4	10003803	600062	0	0	0
120404	162	0	163	0	0	0	0	0	0	0	0	4	10004004	900055	0	0	0
120404	163	0	0	0	0	0	0	0	0	0	0	4	10003803	900054	0	0	0
120404	164	1	47	0	6	3	0	0	0	0	0	6	20000015	0	0	0	0
#盟主线打天龙教3
120405	1	0	2	0	6	10	0	0	0	0	0	7	10013305	0	0	0	0
120405	2	0	28	0	0	0	0	0	0	0	0	7	10013306	0	0	0	0
120405	3	0	4	0	6	1	0	0	0	0	0	1	10013305	1	51	0	0
120405	4	0	5	0	0	0	0	0	0	0	0	1	10013306	1	86	0	0
120405	5	1	6	0	6	1	0	0	0	0	0	0	22041002	1	0	0	0
120405	6	0	7	0	0	0	0	0	0	0	0	0	22041002	2	0	0	0
120405	7	0	8	0	0	0	0	0	0	0	0	0	22041002	3	0	0	0
120405	8	0	9	0	0	0	0	0	0	0	0	0	22041002	4	0	0	0
120405	9	0	10	0	0	0	0	0	0	0	0	0	22041002	5	0	0	0
120405	10	0	11	0	0	0	0	4	0	0	0	1	10031205	1	0	0	0
120405	11	0	12	0	0	0	0	0	0	0	0	0	22041002	6	0	0	0
120405	12	0	13	0	0	0	0	0	0	0	0	0	22041002	7	0	0	0
120405	13	0	14	0	0	0	0	0	0	0	0	0	22041002	8	0	0	0
120405	14	0	15	0	0	0	0	0	0	0	0	2	10001105	0	0	0	0
120405	15	0	16	0	0	0	0	0	0	0	0	4	10001005	500002	0	0	0
120405	16	0	17	0	0	0	0	0	0	0	0	4	10031205	500002	0	0	0
120405	17	0	18	0	0	0	0	0	0	0	0	0	22041002	9	0	0	0
120405	18	0	19	0	0	0	0	0	0	0	0	0	22041002	10	0	0	0
120405	19	0	20	0	0	0	0	0	0	0	0	0	22041002	11	0	0	0
120405	20	0	21	0	0	0	0	0	0	0	0	0	22041002	12	0	0	0
120405	21	0	22	0	0	0	0	0	0	0	0	0	22041002	13	0	0	0
120405	22	0	23	0	0	0	0	0	0	0	0	0	22041002	14	0	0	0
120405	23	0	24	0	0	0	0	0	0	0	0	0	22041002	15	0	0	0
120405	24	0	25	0	0	0	0	0	0	0	0	0	22041002	16	0	0	0
120405	25	0	26	0	0	0	0	0	0	0	0	0	22041002	17	0	0	0
120405	26	0	27	0	0	0	0	0	0	0	0	1	91000104	1	62	0	0
120405	27	0	30	0	0	0	0	0	0	0	0	1	91000104	1	63	0	0
120405	28	0	29	0	0	0	0	0	0	0	0	1	10013305	1	51	0	0
120405	29	0	0	0	0	0	0	0	0	0	0	1	10013306	1	86	0	0
120405	30	0	31	0	0	0	0	0	0	0	0	1	91000104	1	81	0	0
120405	31	0	32	0	0	0	0	0	0	0	0	1	91000104	1	97	0	0
120405	32	0	33	0	0	0	0	0	0	0	0	4	10031205	900005	0	0	0
120405	33	0	271	0	0	0	0	0	0	0	0	4	10001005	600021	0	0	0
120405	34	1	35	0	4	10001105	1	4	0	20	0	0	22041002	18	0	1	0
120405	35	0	36	0	0	0	0	0	0	0	0	0	22041002	19	0	0	0
120405	36	0	37	0	0	0	0	0	0	0	0	4	10031205	600058	0	0	0
120405	37	0	38	0	0	0	0	0	0	0	0	0	22041002	20	0	0	0
120405	38	0	39	0	0	0	0	0	0	0	0	0	22041002	21	0	0	0
120405	39	0	40	0	0	0	0	0	0	0	0	4	10001105	600062	0	0	0
120405	40	0	41	0	0	0	0	0	0	0	0	0	22041002	22	0	0	0
120405	41	0	42	0	0	0	0	0	0	0	0	0	22041002	23	0	0	0
120405	42	0	43	0	0	0	0	0	0	0	0	0	22041002	24	0	0	0
120405	43	0	44	0	0	0	0	0	0	0	0	0	22041002	25	0	0	0
120405	44	0	45	0	0	0	0	0	0	0	0	0	22041002	26	0	0	0
120405	45	0	46	0	0	0	0	0	0	0	0	4	10001005	600021	0	0	0
120405	46	0	47	0	0	0	0	0	0	0	0	1	91000104	1	75	0	0
120405	47	0	48	0	6	8	0	0	0	0	0	1	91000104	1	57	0	0
120405	48	0	49	0	0	0	0	0	0	0	0	1	91000104	1	40	0	0
120405	49	0	0	0	0	0	0	0	0	0	0	1	91000104	1	39	0	0
120405	50	1	51	0	4	10001005	1	4	0	50	0	1	10008803	0	36	0	0
120405	51	0	52	0	0	0	0	0	0	0	0	1	10008903	0	35	0	0
120405	52	0	53	0	0	0	0	0	0	0	0	1	10008003	0	71	0	0
120405	53	0	54	0	0	0	0	0	0	0	0	1	10008103	0	70	0	0
120405	54	0	55	0	0	0	0	0	0	0	0	0	22041002	27	0	0	0
120405	55	0	56	0	0	0	0	0	0	0	0	0	22041002	28	0	0	0
120405	56	0	57	0	0	0	0	0	0	0	0	0	22041002	29	0	0	0
120405	57	0	58	0	0	0	0	0	0	0	0	0	22041002	30	0	0	0
120405	58	0	59	0	0	0	0	0	0	0	0	0	22041002	31	0	0	0
120405	59	0	60	0	0	0	0	0	0	0	0	4	10001005	600062	0	0	0
120405	60	0	61	0	0	0	0	0	0	0	0	4	10001005	600021	0	0	0
120405	61	0	62	0	0	0	0	0	0	0	0	1	91000104	1	75	0	0
120405	62	0	63	0	0	0	0	0	0	0	0	1	91000104	1	57	0	0
120405	63	0	64	0	0	0	0	0	0	0	0	1	91000104	1	40	0	0
120405	64	0	65	0	0	0	0	0	0	0	0	1	91000104	1	39	0	0
120405	65	0	66	0	0	0	0	0	0	0	0	0	22041002	32	0	0	0
120405	66	0	67	0	0	0	0	0	0	0	0	0	22041002	33	0	0	0
120405	67	0	68	0	0	0	0	0	0	0	0	0	22041002	34	0	0	0
120405	68	0	69	0	0	0	0	0	0	0	0	0	22041002	35	0	0	0
120405	69	0	0	0	0	0	0	0	0	0	0	0	22041002	36	0	0	0
120405	70	1	71	0	5	10031205	0	0	0	0	0	0	22041002	77	0	1	0
120405	71	0	72	0	0	0	0	0	0	0	0	0	22041002	78	0	0	0
120405	72	0	73	0	0	0	0	0	0	0	0	0	22041002	79	0	0	0
120405	72	0	73	0	0	0	0	0	0	0	0	0	22041002	80	0	0	0
120405	73	0	0	0	0	0	0	0	0	0	0	0	22041002	81	0	0	0
120405	74	1	75	0	5	10001005	0	0	0	0	0	1	10001005	1	0	0	0
120405	75	0	76	0	0	0	0	0	0	0	0	1	10000406	1	65	0	0
120405	76	0	77	0	0	0	0	0	0	0	0	1	10001805	1	48	0	0
120405	77	0	78	0	0	0	0	0	0	0	0	1	10001606	1	83	0	0
120405	78	0	79	0	0	0	0	0	0	0	0	0	22041002	37	0	0	0
120405	79	0	80	0	0	0	0	0	0	0	0	0	22041002	38	0	0	0
120405	80	0	81	0	0	0	0	0	0	0	0	0	22041002	39	0	0	0
120405	81	0	82	0	0	0	0	0	0	0	0	0	22041002	40	0	0	0
120405	82	0	83	0	0	0	0	0	0	0	0	0	22041002	41	0	0	0
120405	83	0	84	0	0	0	0	0	0	0	0	0	22041002	42	0	0	0
120405	84	0	85	0	0	0	0	0	0	0	0	0	22041002	43	0	0	0
120405	85	0	86	0	0	0	0	0	0	0	0	0	22041002	44	0	0	0
120405	86	0	87	0	0	0	0	0	0	0	0	0	22041002	45	0	0	0
120405	87	0	88	0	0	0	0	0	0	0	0	0	22041002	46	0	0	0
120405	88	0	89	0	0	0	0	0	0	0	0	0	22041002	47	0	0	0
120405	89	0	90	0	0	0	0	0	0	0	0	0	22041002	48	0	0	0
120405	90	0	91	0	0	0	0	0	0	0	0	0	22041002	49	0	0	0
120405	91	0	92	0	0	0	0	0	0	0	0	0	22041002	50	0	0	0
120405	92	0	93	0	0	0	0	0	0	0	0	0	22041002	51	0	0	0
120405	93	0	94	0	0	0	0	0	0	0	0	0	22041002	52	0	0	0
120405	94	0	95	0	0	0	0	0	0	0	0	0	22041002	53	0	0	0
120405	95	0	96	0	0	0	0	0	0	0	0	1	10013005	1	25	0	0
120405	96	0	97	0	0	0	0	0	0	0	0	1	10013005	1	26	0	0
120405	97	0	98	0	6	1	0	0	0	0	0	1	10013005	1	95	0	0
120405	98	0	99	0	0	0	0	0	0	0	0	1	10013005	1	96	0	0
120405	99	0	233	0	0	0	0	0	0	0	0	6	10001005	0	0	0	0
120405	100	1	101	0	4	10001105	1	4	0	20	0	4	99999999	500000	0	0	1
120405	101	0	102	0	0	0	8	0	10001005	0	0	4	10001105	600062	0	0	0
120405	102	0	103	0	0	0	0	0	0	0	0	0	22041002	69	0	0	0
120405	103	0	104	0	0	0	0	0	0	0	0	0	22041002	70	0	0	0
120405	104	0	105	0	0	0	0	0	0	0	0	0	22041002	71	0	0	0
120405	105	0	106	0	0	0	0	0	0	0	0	0	22041002	72	0	0	0
120405	106	0	107	0	0	0	0	0	0	0	0	0	22041002	73	0	0	0
120405	107	0	108	0	0	0	0	0	0	0	0	0	22041002	74	0	0	0
120405	108	0	109	0	0	0	0	0	0	0	0	0	22041002	75	0	0	0
120405	109	0	0	0	0	0	0	0	0	0	0	0	22041002	76	0	0	0
120405	110	1	111	0	2	10001606	0	0	0	0	0	0	22040003	16	0	0	0
120405	111	0	112	0	0	0	0	0	0	0	0	0	22040003	17	0	0	0
120405	112	0	113	0	0	0	0	0	0	0	0	0	22040003	18	0	0	0
120405	113	0	114	0	0	0	0	0	0	0	0	0	22040003	19	0	0	0
120405	114	0	115	0	0	0	0	0	0	0	0	0	22040003	20	0	0	0
120405	115	0	116	0	0	0	0	0	0	0	0	0	22040003	21	0	0	0
120405	116	0	117	0	0	0	0	0	0	0	0	0	22040003	22	0	0	0
120405	117	0	118	0	0	0	0	0	0	0	0	0	22040003	23	0	0	0
120405	118	0	119	0	0	0	0	0	0	0	0	6	10001004	0	0	0	0
120405	119	0	0	0	0	0	0	0	0	0	0	4	10001606	500060	0	0	0
120405	120	1	122	0	2	10001606	8	0	10001004	0	0	0	22040003	24	0	0	0
120405	121	0	122	0	0	0	0	0	0	0	0	0	22040003	24	0	0	0
120405	122	0	123	0	0	0	0	0	0	0	0	0	22040003	25	0	0	0
120405	123	0	124	0	0	0	0	0	0	0	0	0	22040003	26	0	0	0
120405	124	0	125	0	0	0	0	0	0	0	0	4	10001505	600055	0	0	0
120405	125	0	0	0	0	0	0	0	0	0	0	4	10001505	500012	0	0	0
120405	126	1	127	0	4	10001505	1	4	0	50	0	4	99999999	500000	0	0	1
120405	127	0	128	0	0	0	8	0	10001005	0	0	4	99999999	500000	0	0	1
120405	128	0	129	0	0	0	0	0	0	0	0	0	22040003	27	0	0	0
120405	129	0	0	0	0	0	0	0	0	0	0	4	10001505	600062	0	0	0
120405	130	1	131	0	4	10001505	1	4	0	20	0	4	99999999	500000	0	0	1
120405	131	0	132	0	0	0	8	0	10001005	0	0	4	99999999	500000	0	0	1
120405	132	0	133	0	0	0	0	0	0	0	0	0	22040003	28	0	0	0
120405	133	0	134	0	0	0	0	0	0	0	0	4	10001505	600062	0	0	0
120405	134	0	135	0	0	0	0	0	0	0	0	0	22040003	29	0	0	0
120405	135	0	0	0	0	0	0	0	0	0	0	0	22040003	30	0	0	0
120405	136	1	137	0	4	10001606	1	4	0	60	0	0	22040003	31	0	0	0
120405	137	0	0	0	0	0	0	0	0	0	0	4	10001606	600062	0	0	0
120405	138	1	139	0	4	10001606	1	4	0	30	0	0	22040003	32	0	0	0
120405	139	0	0	0	0	0	0	0	0	0	0	4	10001606	600062	0	0	0
120405	140	1	141	0	5	10001805	0	0	0	0	0	1	10031104	1	64	0	0
120405	141	0	142	0	0	0	0	0	0	0	0	0	22040003	33	0	0	0
120405	142	0	143	0	0	0	0	0	0	0	0	0	22040003	34	0	0	0
120405	143	0	0	0	0	0	0	0	0	0	0	0	22040003	35	0	0	0
120405	144	1	145	0	5	10001606	0	0	0	0	0	0	22040003	36	0	3	0
120405	145	0	146	0	0	0	0	0	0	0	0	0	22040003	37	0	0	0
120405	146	0	147	0	0	0	0	0	0	0	0	4	10001505	600057	0	0	0
120405	147	0	0	0	0	0	0	0	0	0	0	4	10001505	600056	0	0	0
120405	148	1	149	0	0	0	8	0	10001005	0	0	4	99999999	500000	0	0	1
120405	149	0	150	0	5	10001505	0	0	0	0	0	0	22040003	38	0	3	0
120405	150	0	151	0	0	0	0	0	0	0	0	0	22040003	39	0	0	0
120405	151	0	152	0	0	0	0	0	0	0	0	0	22040003	40	0	0	0
120405	152	0	153	0	0	0	0	0	0	0	0	0	22040003	41	0	0	0
120405	153	0	154	0	0	0	0	0	0	0	0	0	22040003	42	0	0	0
120405	154	0	155	0	0	0	0	0	0	0	0	0	22040003	43	0	0	0
120405	155	0	156	0	0	0	0	0	0	0	0	4	10001606	500015	0	0	0
120405	156	0	0	0	0	0	0	0	0	0	0	4	0	500025	0	0	0
120405	157	1	158	0	4	10000406	1	4	0	80	0	0	22040003	44	0	0	0
120405	158	0	0	232	0	0	0	0	0	0	0	4	0	500009	0	0	0
120405	159	1	160	0	4	10000406	1	4	0	50	0	1	10013005	1	47	0	0
120405	160	0	161	0	0	0	0	0	0	0	0	1	10013006	1	48	0	0
120405	161	0	162	0	0	0	0	0	0	0	0	1	10013007	1	82	0	0
120405	162	0	163	0	0	0	0	0	0	0	0	1	10013008	1	83	0	0
120405	163	0	164	0	0	0	0	0	0	0	0	0	22040003	45	0	0	0
120405	164	0	165	0	0	0	0	0	0	0	0	0	22040003	46	0	0	0
120405	165	0	166	0	0	0	0	0	0	0	0	0	22040003	47	0	0	0
120405	166	0	167	0	0	0	0	0	0	0	0	4	10013005	600058	0	0	0
120405	167	0	168	0	0	0	0	0	0	0	0	4	10013006	600058	0	0	0
120405	168	0	169	0	0	0	0	0	0	0	0	4	10013007	600058	0	0	0
120405	169	0	170	0	0	0	0	0	0	0	0	4	10013008	600058	0	0	0
120405	170	0	178	232	0	0	0	0	0	0	0	4	10000406	600059	0	0	0
120405	171	1	172	0	4	10000406	1	4	0	30	0	0	22040003	72	0	0	0
120405	172	0	191	0	0	0	0	0	0	0	0	4	10000406	600059	0	0	0
120405	173	1	174	0	6	40	0	0	0	0	0	0	22040003	49	0	0	0
120405	174	0	175	0	0	10000406	1	1	0	0	0	0	22040003	50	0	0	0
120405	175	0	176	0	0	0	0	0	0	0	0	4	0	600060	0	0	0
120405	176	0	177	0	0	0	0	0	0	0	0	4	10000406	600021	0	0	0
120405	177	0	0	0	0	0	0	0	0	0	0	0	22040003	60	0	0	0
120405	178	0	179	0	0	0	0	0	0	0	0	0	22040003	51	0	0	0
120405	179	0	180	0	0	0	0	0	0	0	0	1	10004404	0	26	0	0
120405	180	0	0	0	0	0	0	0	0	0	0	1	10024504	0	96	0	0
120405	181	1	182	0	4	10005603	0	0	0	0	0	0	22040003	52	0	0	0
120405	182	0	183	0	0	0	0	0	0	0	0	1	91000205	0	58	0	0
120405	183	0	184	0	0	0	0	0	0	0	0	0	22040003	53	0	0	0
120405	184	0	185	0	0	0	0	0	0	0	0	0	22040003	54	0	0	0
120405	185	0	186	0	0	0	0	0	0	0	0	0	22040003	55	0	0	0
120405	186	0	187	0	0	0	0	0	0	0	0	0	22040003	56	0	0	0
120405	187	0	188	0	0	0	0	0	0	0	0	0	22040003	57	0	0	0
120405	188	0	0	0	0	0	0	0	0	0	0	0	22040003	58	0	0	0
120405	189	1	190	0	5	10005603	0	0	0	0	0	0	22040003	59	0	4	0
120405	190	0	0	0	0	0	0	0	0	0	0	7	91000205	0	0	0	0
120405	191	0	192	232	0	0	0	0	0	0	0	4	10000406	500078	0	0	0
120405	192	0	210	0	0	0	0	0	0	0	0	8	Story_0003	0	0	0	0
120405	193	0	0	0	5	91000205	0	0	0	0	0	0	22040003	59	0	4	0
120405	194	1	195	0	4	10000406	1	4	0	4	0	0	22040003	61	0	0	0
120405	195	0	196	0	0	0	0	0	0	0	0	1	10002201	0	41	0	0
120405	196	0	197	0	0	0	0	0	0	0	0	1	10002301	0	59	0	0
120405	197	0	198	0	0	0	0	0	0	0	0	1	10002401	0	58	0	0
120405	198	0	199	0	0	0	0	0	0	0	0	1	10002501	0	76	0	0
120405	199	0	200	0	0	0	0	0	0	0	0	0	22040003	62	0	0	0
120405	200	0	201	0	0	0	0	0	0	0	0	0	22040003	63	0	0	0
120405	201	0	202	0	0	0	0	0	0	0	0	0	22040003	64	0	0	0
120405	202	0	203	232	0	0	0	0	0	0	0	0	22040003	65	0	0	0
120405	203	0	204	0	0	0	0	0	0	0	0	4	0	600060	0	0	0
120405	204	0	205	0	0	0	0	0	0	0	0	0	22040003	66	0	0	0
120405	205	0	206	0	0	0	0	0	0	0	0	0	22040003	67	0	0	0
120405	206	0	207	0	0	0	0	0	0	0	0	0	22040003	68	0	0	0
120405	207	0	208	0	0	0	0	0	0	0	0	0	22040003	69	0	0	0
120405	208	0	209	0	0	0	0	0	0	0	0	0	22040003	70	0	0	0
120405	209	0	0	0	0	0	0	0	0	0	0	0	22040003	71	0	0	0
120405	210	0	211	0	0	10001606	2	0	0	100	0	0	22040003	73	0	0	0
120405	211	0	212	0	0	0	0	0	0	0	0	0	22040003	74	0	0	0
120405	212	0	213	0	0	0	0	0	0	0	0	0	22040003	75	0	3	0
120405	213	0	214	0	0	0	0	0	0	0	0	0	22040003	76	0	0	0
120405	214	0	215	0	0	0	0	0	0	0	0	4	10001401	500007	0	0	0
120405	215	0	216	0	0	0	0	0	0	0	0	0	22040003	77	0	0	0
120405	216	0	217	0	0	0	0	0	0	0	0	0	22040003	78	0	0	0
120405	217	0	229	0	0	0	0	0	0	0	0	2	10001606	0	0	0	0
120405	218	0	219	0	0	0	0	0	0	0	0	0	22040003	79	0	0	0
120405	219	0	220	0	0	0	0	0	0	0	0	0	22040003	80	0	0	0
120405	220	0	221	0	0	0	0	0	0	0	0	0	22040003	81	0	0	0
120405	221	0	222	0	0	0	0	0	0	0	0	4	10001401	500085	0	0	0
120405	222	0	0	0	0	0	0	0	0	0	0	4	10001505	500085	0	0	0
120405	223	1	224	0	4	10031104	1	4	0	70	0	0	22040003	82	0	0	0
120405	224	0	225	0	0	0	0	0	0	0	0	0	22040003	83	0	0	0
120405	225	0	226	0	0	0	0	0	0	0	0	0	22040003	84	0	0	0
120405	226	0	227	0	0	0	0	0	0	0	0	0	22040003	85	0	0	0
120405	227	0	228	0	0	0	0	0	0	0	0	0	22040003	86	0	0	0
120405	228	0	0	0	0	0	0	0	0	0	0	4	10001401	600021	0	0	0
120405	229	0	230	0	0	0	0	0	0	0	0	4	0	600062	0	0	0
120405	230	0	231	0	0	0	0	0	0	0	0	4	0	500042	0	0	0
120405	231	0	0	0	0	0	0	0	0	0	0	4	10000406	600021	0	0	0
120405	232	0	0	0	0	0	0	0	0	0	0	4	10000406	500042	0	0	0
120405	233	0	0	234	0	0	8	0	10001005	0	0	1	10001401	0	0	0	0
120405	234	0	0	218	0	0	8	0	10001006	0	0	1	10001505	0	0	0	0
120405	235	1	0	0	5	10001401	0	0	0	0	0	6	10001005	0	0	0	0
120405	236	1	0	0	5	10001505	0	0	0	0	0	6	10001006	0	0	0	0
120405	237	1	238	0	2	10000406	0	0	0	0	0	0	22041002	54	0	0	0
120405	238	0	239	0	0	0	0	0	0	0	0	0	22041002	55	0	0	0
120405	239	0	240	0	0	0	0	0	0	0	0	0	22041002	56	0	0	0
120405	240	0	241	0	0	0	0	0	0	0	0	0	22041002	57	0	0	0
120405	241	0	242	0	0	0	0	0	0	0	0	0	22041002	58	0	0	0
120405	242	0	243	0	0	0	0	0	0	0	0	0	22041002	59	0	0	0
120405	243	0	244	0	0	0	0	0	0	0	0	4	10008003	500004	0	0	0
120405	244	0	245	0	0	0	0	0	0	0	0	0	22041002	60	0	0	0
120405	245	0	246	0	0	0	0	0	0	0	0	0	22041002	61	0	0	0
120405	246	0	247	0	0	0	0	0	0	0	0	2	10008803	1	0	0	0
120405	247	0	248	0	0	0	0	0	0	0	0	2	10008003	1	0	0	0
120405	248	0	249	0	0	0	0	0	0	0	0	2	10008103	1	0	0	0
120405	249	0	273	0	0	0	0	0	0	0	0	0	22041002	62	0	0	0
120405	250	0	251	0	2	10000406	9	5	7900131	0	0	0	22041002	63	0	0	0
120405	251	0	252	0	0	0	0	0	0	0	0	0	22041002	64	0	0	0
120405	252	0	253	0	0	0	0	0	0	0	0	0	22041002	65	0	0	0
120405	253	0	254	0	0	0	0	0	0	0	0	0	22041002	82	0	0	0
120405	254	0	255	0	0	0	0	0	0	0	0	0	22041002	83	0	0	0
120405	255	0	256	0	0	0	0	0	0	0	0	0	22041002	84	0	0	0
120405	256	0	257	0	0	0	0	0	0	0	0	0	22041002	85	0	0	0
120405	257	0	258	0	0	0	0	0	0	0	0	0	22041002	86	0	0	0
120405	258	0	259	0	0	0	0	0	0	0	0	0	22041002	87	0	0	0
120405	259	0	260	0	0	0	0	0	0	0	0	1	10009002	0	41	0	0
120405	260	0	261	0	0	0	0	0	0	0	0	1	10009002	0	59	0	0
120405	261	0	262	0	0	0	0	0	0	0	0	1	10009002	0	58	0	0
120405	262	0	263	0	0	0	0	0	0	0	0	1	10009002	0	76	0	0
120405	263	0	264	0	0	0	0	0	0	0	0	0	22041002	88	0	0	0
120405	264	0	265	0	0	0	0	0	0	0	0	0	22041002	89	0	0	0
120405	265	0	266	0	0	0	0	0	0	0	0	0	22041002	90	0	0	0
120405	266	0	267	0	0	0	0	0	0	0	0	0	22041002	66	0	0	0
120405	267	0	268	0	0	0	0	0	0	0	0	0	22041002	67	0	0	0
120405	268	0	269	0	0	0	0	0	0	0	0	4	10008803	600058	0	0	0
120405	269	0	270	0	0	0	0	0	0	0	0	4	10008003	600058	0	0	0
120405	270	0	0	0	0	0	9	5	7900131	0	0	4	10008103	600058	0	0	0
120405	271	0	0	0	0	0	0	0	0	0	0	0	22041015	1	0	0	0
120405	272	1	0	0	6	0	0	0	0	0	0	4	10031205	900005	0	0	1
120405	273	0	274	250	0	0	9	0	7900131	0	0	2	10008103	0	0	0	0
120405	274	0	275	0	0	0	0	0	0	0	0	0	22041002	91	0	0	0
120405	275	0	276	0	0	0	0	0	0	0	0	0	22041002	92	0	0	0
120405	276	0	251	0	0	0	0	0	0	0	0	0	22041002	93	0	0	0
120405	277	1	278	0	1	99904401	0	0	0	0	0	0	700004	1	0	0	1
120405	278	0	0	0	0	0	0	0	0	0	0	1	99904501	1	0	0	1
120405	279	1	280	0	1	99904501	0	0	0	0	0	0	700004	1	0	0	1
120405	280	0	0	0	0	0	0	0	0	0	0	1	91000102	1	0	0	1
120405	281	1	282	0	1	10001005	0	0	0	0	0	0	999043	1	0	0	1
120405	282	0	283	0	0	10001005	1	1	0	0	0	0	999043	2	0	0	1
120405	283	0	284	0	0	10001005	1	1	0	0	0	1	99904401	1	0	0	1
120405	284	0	0	0	0	10001005	1	1	0	0	0	4	10001005	999048	0	0	1
120405	285	1	286	0	4	10001805	1	4	0	30	0	0	134601	1	0	0	0
120405	286	0	287	0	0	0	0	0	0	0	0	4	10001805	500059	0	0	0
120405	287	0	0	0	0	0	0	0	0	0	0	4	10001805	500060	0	0	0
120405	288	1	289	0	1	99900803	5	0	10001805	0	0	0	134601	2	0	0	0
120405	289	0	290	0	0	0	0	0	0	0	0	0	134601	3	0	0	0
120405	290	0	291	0	0	0	0	0	0	0	0	0	134601	4	0	0	0
120405	291	0	292	0	0	0	0	0	0	0	0	0	134601	5	0	0	0
120405	292	0	0	0	0	0	0	0	0	0	0	4	10001805	999044	0	0	0
120405	293	1	294	0	4	10001606	1	4	0	80	0	0	106003	1	0	0	0
120405	294	0	0	0	0	0	0	0	0	0	0	4	10001606	500060	0	0	0


#正道的光1
999001	1	1	2	0	7	0	0	0	0	0	0	0	999001	1	0	1	0
999001	2	0	3	0	0	0	0	0	0	0	0	0	999001	2	0	0	0
999001	3	0	0	0	0	0	0	0	0	0	0	6	999000024	0	0	0	0
#正道的光2
999047	1	1	2	0	7	0	0	0	0	0	0	0	999047	1	0	1	0
999047	2	0	3	0	0	0	0	0	0	0	0	0	999047	2	0	0	0
999047	3	0	0	0	0	0	0	0	0	0	0	6	999000025	0	0	0	0

#试剑大会
#主角
999045	1	1	2	0	5	10007202	0	0	0	0	0	1	10007802	1	0	0	0
999045	2	0	15	0	0	0	0	0	0	0	0	0	999045	2	0	0	0
999045	3	1	4	0	5	10007802	0	0	0	0	0	1	10008102	1	0	0	0
999045	4	0	15	0	0	0	0	0	0	0	0	0	999045	3	0	0	0
999045	5	1	6	0	5	10008102	0	0	0	0	0	1	10008502	1	0	0	0
999045	6	0	15	0	0	0	0	0	0	0	0	0	999045	4	0	0	0
999045	7	1	8	0	5	10008502	0	0	0	0	0	1	10008902	1	0	0	0
999045	8	0	15	0	0	0	0	0	0	0	0	0	999045	5	0	0	0
999045	9	1	10	0	5	10008902	0	0	0	0	0	1	10007502	1	0	0	0
999045	10	0	15	0	0	0	0	0	0	0	0	0	999045	6	0	0	0
999045	11	1	12	0	5	10007502	0	0	0	0	0	1	10009802	1	0	0	0
999045	12	0	15	0	0	0	0	0	0	0	0	0	999045	7	0	0	0
999045	13	1	14	0	5	10009802	0	0	0	0	0	1	10001604	1	0	0	0
999045	14	0	15	0	0	0	0	0	0	0	0	0	999045	8	0	0	0
999045	15	0	0	0	0	0	0	0	0	0	0	4	10001401	500050	0	0	1
999045	16	1	0	0	0	0	0	0	0	0	0	0	999045	1	0	0	0

#任剑南
999046	1	1	2	0	5	10007202	0	0	0	0	0	1	10007802	1	0	0	0
999046	2	0	15	0	0	0	0	0	0	0	0	0	999045	2	0	0	0
999046	3	1	4	0	5	10007802	0	0	0	0	0	1	10008102	1	0	0	0
999046	4	0	15	0	0	0	0	0	0	0	0	0	999045	3	0	0	0
999046	5	1	6	0	5	10008102	0	0	0	0	0	1	10008502	1	0	0	0
999046	6	0	15	0	0	0	0	0	0	0	0	0	999045	4	0	0	0
999046	7	1	8	0	5	10008502	0	0	0	0	0	1	10008902	1	0	0	0
999046	8	0	15	0	0	0	0	0	0	0	0	0	999045	5	0	0	0
999046	9	1	10	0	5	10008902	0	0	0	0	0	1	10007502	1	0	0	0
999046	10	0	15	0	0	0	0	0	0	0	0	0	999045	6	0	0	0
999046	11	1	12	0	5	10007502	0	0	0	0	0	1	10009802	1	0	0	0
999046	12	0	15	0	0	0	0	0	0	0	0	0	999045	7	0	0	0
999046	13	1	14	0	5	10009802	0	0	0	0	0	1	10009102	1	0	0	0
999046	14	0	17	0	0	0	0	0	0	0	0	1	10009202	1	0	0	0
999046	17	0	15	0	0	0	0	0	0	0	0	0	999045	9	0	0	0
999046	15	0	0	0	0	0	0	0	0	0	0	4	10009402	500050	0	0	1
999046	16	1	0	0	0	0	0	0	0	0	0	0	999045	1	0	0	0

#草寇2
999018	1	1	2	0	7	0	0	0	0	0	0	0	99900033	1	0	1	0
999018	2	0	0	0	0	0	0	0	0	0	0	6	999000007	0	0	0	0
999018	5	1	6	0	0	0	8	0	999000026	0	0	0	99999	3	0	0	0
999018	6	0	0	0	0	0	0	0	0	0	0	1	99904601	0	0	0	0
#官府2
999019	1	1	2	0	7	0	0	0	0	0	0	0	99900037	1	0	1	0
999019	2	0	0	0	0	0	0	0	0	0	0	6	999000008	0	0	0	0
999019	5	1	6	0	0	0	8	0	999000026	0	0	0	99999	3	0	0	0
999019	6	0	0	0	0	0	0	0	0	0	0	1	99904601	0	0	0	0

#丐帮2
999020	1	1	2	0	7	0	0	0	0	0	0	0	999020	1	0	1	0
999020	2	0	3	0	0	0	0	0	0	0	0	0	999020	2	0	0	0
999020	3	0	4	0	0	0	0	0	0	0	0	0	999020	3	0	0	0
999020	4	0	0	0	0	0	0	0	0	0	0	6	999000009	0	0	0	0
999020	5	1	6	0	0	0	8	0	999000026	0	0	0	99999	3	0	0	0
999020	6	0	0	0	0	0	0	0	0	0	0	1	99904601	0	0	0	0

#武当2：杭州
999036	1	1	2	0	7	0	0	0	0	0	0	0	999036	1	0	0	0
999036	2	0	0	0	0	0	0	0	0	0	0	6	999000015	0	0	0	0
999036	3	1	4	0	9	0	0	0	0	0	0	0	999036	1	0	0	0
999036	4	0	0	0	0	0	0	0	0	0	0	6	999000015	0	0	0	0
999036	5	1	6	0	0	0	8	0	999000026	0	0	0	99999	3	0	0	0
999036	6	0	0	0	0	0	0	0	0	0	0	1	99904601	0	0	0	0

#逼王之王3
999048	1	1	2	0	5	99904601	0	0	0	0	0	1	99904701	1	0	0	0
999048	2	0	3	0	0	0	0	0	0	0	0	0	999048	1	0	0	0
999048	3	0	4	0	0	0	0	0	0	0	0	0	999048	2	0	0	0
999048	4	1	5	0	4	99904701	1	4	0	95	0	0	999048	0	0	0	0
999048	5	0	6	0	0	0	0	0	0	0	0	0	999048	3	0	0	0
999048	6	0	7	0	0	0	0	0	0	0	0	6	999000026	0	0	0	0
999048	7	0	0	0	0	0	0	0	0	0	0	9	0	0	0	0	0

#少林3 杭州打无嗔
999049	1	1	2	0	4	99904901	1	4	0	80	0	0	999049	1	0	0	0
999049	2	0	3	0	0	0	0	0	0	0	0	0	999049	2	0	0	0
999049	3	0	4	0	0	0	0	0	0	0	0	0	999049	3	0	0	0
999049	4	0	5	0	0	0	0	0	0	0	0	0	999049	4	0	0	0
999049	5	0	6	0	0	0	0	0	0	0	0	4	99904901	500000	0	0	0
999049	6	0	0	0	0	0	0	0	0	0	0	4	99904901	999057	0	0	0
999049	7	1	8	0	4	99904901	1	4	0	40	0	0	999049	5	0	0	0
999049	8	0	9	0	0	0	0	0	0	0	0	6	999000027	0	0	0	0
999049	9	0	0	0	0	0	0	0	0	0	0	9	0	0	0	0	0
999049	10	1	11	0	0	0	8	0	999000026	0	0	0	99999	3	0	0	0
999049	11	0	0	0	0	0	0	0	0	0	0	1	99904601	0	0	0	0

#少林4 格斗场打无戒
999051	1	1	2	0	4	10004803	1	4	0	50	0	0	999051	1	0	0	0
999051	2	0	3	0	0	0	0	0	0	0	0	0	999051	2	0	0	0
999051	3	0	4	0	0	0	0	0	0	0	0	0	999051	3	0	0	0
999051	4	0	5	0	0	0	0	0	0	0	0	0	999051	4	0	0	0
999051	5	0	9	0	0	0	0	0	0	0	0	2	99904901	1	0	0	0
999051	6	1	7	0	6	2	0	0	0	0	0	0	999051	5	0	0	0
999051	7	0	8	0	0	0	0	0	0	0	0	0	999051	6	0	0	0
999051	8	0	0	0	0	0	0	0	0	0	0	0	999051	7	0	0	0
999051	9	0	10	0	0	0	0	0	0	0	0	0	999051	8	0	0	0
999051	10	0	11	0	0	0	0	0	0	0	0	0	999051	9	0	0	0
999051	11	0	0	0	0	0	0	0	0	0	0	2	10004803	0	0	0	0

#任清璇3
210024	1	1	2	0	7	0	0	0	0	0	0	0	210024	1	0	0	0
210024	2	0	0	0	0	0	0	0	0	0	0	6	999000029	0	0	0	0
#任清璇4-打萧复
999050	1	1	2	0	7	0	0	0	0	0	0	0	999050	1	0	0	0
999050	2	0	3	0	0	0	0	0	0	0	0	6	999000030	0	0	0	0
999050	3	1	4	0	9	0	0	0	0	0	0	0	999050	1	0	0	0
999050	4	0	5	0	0	0	0	0	0	0	0	0	999050	2	0	0	0
999050	5	0	6	0	0	0	0	0	0	0	0	0	999050	3	0	0	0
999050	6	0	7	0	0	0	0	0	0	0	0	0	999050	4	0	0	0
999050	7	0	8	0	0	0	0	0	0	0	0	0	999050	5	0	0	0
999050	8	0	0	0	0	0	0	0	0	0	0	6	999000030	0	0	0	0
999050	9	1	10	0	0	0	8	0	999000026	0	0	0	99999	3	0	0	0
999050	10	0	0	0	0	0	0	0	0	0	0	1	99904601	0	0	0	0

#杭州打海鲨帮
210086	1	1	2	0	9	1	0	0	0	0	0	1	10014103	1	0	0	0
210086	2	0	3	0	0	0	0	0	0	0	0	1	10006602	1	0	0	0
210086	3	0	4	0	0	0	0	0	0	0	0	0	210086001	1	0	0	0
210086	4	0	5	0	0	0	0	0	0	0	0	0	210086001	2	0	0	0
210086	5	0	6	0	0	0	0	0	0	0	0	0	210086001	3	0	0	0
210086	6	0	7	0	0	0	0	0	0	0	0	0	210086001	4	0	0	0
210086	7	0	8	0	0	0	0	0	0	0	0	0	210086001	5	0	0	0
210086	8	0	9	0	0	0	0	0	0	0	0	0	210086001	6	0	0	0
210086	9	0	10	0	0	0	0	0	0	0	0	4	100014001	500050	0	0	0
210086	10	0	0	0	0	0	0	0	0	0	0	4	100057002	500050	0	0	0
210086	11	1	16	0	4	10014103	1	4	0	35	0	0	210086001	11	0	0	0
210086	12	1	13	0	0	0	0	0	0	0	0	0	210086001	7	0	0	0
210086	13	0	14	0	0	0	0	0	0	0	0	0	210086001	8	0	0	0
210086	14	0	15	0	0	0	0	0	0	0	0	0	210086001	9	0	0	0
210086	15	0	0	0	0	0	0	0	0	0	0	0	210086001	10	0	0	0
210086	16	0	0	0	0	0	0	0	0	0	0	4	10014103	999018	0	0	0
210086	17	1	18	0	5	10007001	0	0	0	0	0	4	10005702	999011	0	0	1
210086	18	0	0	0	0	0	0	0	0	0	0	0	210086001	12	0	0	1
210086	101	1	102	0	0	0	8	0	999000026	0	0	0	99999	3	0	0	0
210086	102	0	0	0	0	0	0	0	0	0	0	1	99904601	0	0	0	0

#杭州选救戚将军
#第一战打天意城
210087	1	1	0	0	9	1	0	0	0	0	0	0	210087001	1	0	0	0
210087	2	1	3	0	1	10001401	5	0	10006303	0	0	0	210087001	2	0	1	0
210087	3	0	4	0	0	0	0	0	0	0	0	0	210087001	3	0	0	0
210087	4	0	5	0	0	0	0	0	0	0	0	0	210087001	4	0	0	0
210087	5	0	6	0	0	0	0	0	0	0	0	0	210087001	5	0	0	0
210087	6	0	7	0	0	0	0	0	0	0	0	0	210087001	6	0	0	0
210087	7	0	8	0	0	0	0	0	0	0	0	1	99900503	1	0	0	0
210087	8	0	0	0	0	0	0	0	0	0	0	0	210087001	7	0	0	0
210087	101	1	102	0	0	0	8	0	999000026	0	0	0	99999	3	0	0	0
210087	102	0	0	0	0	0	0	0	0	0	0	1	99904601	0	0	0	0
#第二战打东厂+天意城
210088	1	1	2	0	0	0	0	0	0	0	0	0	210088001	1	0	0	0
210088	2	0	3	0	0	0	0	0	0	0	0	0	210088001	2	0	0	0
210088	3	0	4	0	0	0	0	0	0	0	0	0	210088001	3	0	0	0
210088	4	0	0	0	0	0	0	0	0	0	0	0	210088001	4	0	0	0
210088	5	1	6	0	6	3	0	0	0	0	0	0	210088001	5	0	0	0
210088	6	0	7	0	0	0	0	0	0	0	0	0	210088001	6	0	0	0
210088	7	0	8	0	0	0	0	0	0	0	0	0	210088001	7	0	0	0
210088	8	0	0	0	0	0	0	0	0	0	0	0	210088001	8	0	0	0
210088	9	1	0	0	9	1	0	0	0	0	0	0	210088001	9	0	0	0
210088	10	1	11	0	6	4	0	0	0	0	0	0	210088001	10	0	0	0
210088	11	0	12	0	0	0	0	0	0	0	0	1	99901401	0	0	0	0
210088	12	0	0	0	0	0	0	0	0	0	0	0	210088001	11	0	0	0
210088	13	1	14	0	4	99901401	1	4	0	99	0	0	999030	6	0	0	0
210088	14	0	15	0	0	0	0	0	0	0	0	1	99901301	1	0	0	0
210088	15	0	16	0	0	0	0	0	0	0	0	1	99901501	1	0	0	0
210088	16	0	17	0	0	0	0	0	0	0	0	1	99901601	1	0	0	0
210088	17	0	18	0	0	0	0	0	0	0	0	1	99901701	1	0	0	0
210088	18	0	19	0	0	0	0	0	0	0	0	0	999030	1	0	0	0
210088	19	0	20	0	0	0	0	0	0	0	0	0	999030	2	0	0	0
210088	20	0	21	0	0	0	0	0	0	0	0	0	999030	3	0	0	0
210088	21	0	22	0	0	0	0	0	0	0	0	0	999030	4	0	0	0
210088	22	0	0	0	0	0	0	0	0	0	0	0	999030	5	0	0	0
210088	23	1	24	0	5	99901401	0	0	0	0	0	4	10001401	999015	0	0	1
210088	24	0	25	0	0	0	0	0	0	0	0	0	999030	6	0	0	1
210088	25	0	26	0	0	0	0	0	0	0	0	1	99901401	1	0	0	1
210088	26	0	0	0	0	0	0	0	0	0	0	0	999030	7	0	0	1
210088	27	1	28	0	5	99901501	0	0	0	0	0	4	10001401	999015	0	0	1
210088	28	0	29	0	0	0	0	0	0	0	0	0	999030	6	0	0	1
210088	29	0	26	0	0	0	0	0	0	0	0	1	99901501	1	0	0	1
210088	30	1	31	0	5	99901601	0	0	0	0	0	4	10001401	999015	0	0	1
210088	31	0	32	0	0	0	0	0	0	0	0	0	999030	6	0	0	1
210088	32	0	26	0	0	0	0	0	0	0	0	1	99901601	1	0	0	1
210088	33	1	34	0	5	99901701	0	0	0	0	0	4	10001401	999015	0	0	1
210088	34	0	35	0	0	0	0	0	0	0	0	0	999030	6	0	0	1
210088	35	0	26	0	0	0	0	0	0	0	0	1	99901701	1	0	0	1
210088	36	1	37	0	5	99901301	0	0	0	0	0	0	999030	8	0	0	0
210088	37	0	38	0	0	0	0	0	0	0	0	7	99901401	0	0	0	0
210088	38	0	39	0	0	0	0	0	0	0	0	7	99901501	0	0	0	0
210088	39	0	40	0	0	0	0	0	0	0	0	7	99901601	0	0	0	0
210088	40	0	0	0	0	0	0	0	0	0	0	7	99901701	0	0	0	0
210088	101	1	102	0	0	0	8	0	999000026	0	0	0	99999	3	0	0	0
210088	102	0	0	0	0	0	0	0	0	0	0	1	99904601	0	0	0	0

#梅花十三-end
999030	1	1	2	0	6	1	0	0	0	0	0	0	999030	1	0	1	0
999030	2	0	3	0	0	0	0	0	0	0	0	0	999030	2	0	0	0
999030	3	0	4	0	0	0	0	0	0	0	0	0	999030	3	0	0	0
999030	4	0	5	0	0	0	0	0	0	0	0	0	999030	4	0	0	0
999030	5	0	0	0	0	0	0	0	0	0	0	0	999030	5	0	0	0
999030	6	1	7	0	5	99901401	0	0	0	0	0	4	10001401	999015	0	0	1
999030	7	0	8	0	0	0	0	0	0	0	0	0	999030	6	0	0	1
999030	8	0	9	0	0	0	0	0	0	0	0	1	99901401	1	0	0	1
999030	9	0	0	0	0	0	0	0	0	0	0	0	999030	7	0	0	1
999030	10	1	11	0	5	99901501	0	0	0	0	0	4	10001401	999015	0	0	1
999030	11	0	12	0	0	0	0	0	0	0	0	0	999030	6	0	0	1
999030	12	0	13	0	0	0	0	0	0	0	0	1	99901501	1	0	0	1
999030	13	0	0	0	0	0	0	0	0	0	0	0	999030	7	0	0	1
999030	14	1	15	0	5	99901601	0	0	0	0	0	4	10001401	999015	0	0	1
999030	15	0	16	0	0	0	0	0	0	0	0	0	999030	6	0	0	1
999030	17	0	18	0	0	0	0	0	0	0	0	1	99901601	1	0	0	1
999030	18	0	0	0	0	0	0	0	0	0	0	0	999030	7	0	0	1
999030	19	1	20	0	5	99901701	0	0	0	0	0	4	10001401	999015	0	0	1
999030	20	0	21	0	0	0	0	0	0	0	0	0	999030	6	0	0	1
999030	21	0	22	0	0	0	0	0	0	0	0	1	99901701	1	0	0	1
999030	22	0	0	0	0	0	0	0	0	0	0	0	999030	7	0	0	1
999030	23	1	24	0	5	99901301	0	0	0	0	0	0	999030	8	0	0	0
999030	24	0	0	0	0	0	0	0	0	0	0	9	0	0	0	0	0

#纪纹线2-打史义
210004	1	1	2	0	7	0	0	0	0	0	0	0	210004	1	0	0	0
210004	2	0	0	0	0	0	0	0	0	0	0	6	999000032	0	0	0	0

#TriggerType   =1 角色行动前触发 =2行动后	=3	受伤前	=4 角色受伤后触发 =5角色死亡触发	=6 回合	=7	胜利触发	=9	阵营团灭	

#敌对阵营全死完加入敌人10013903
900021	1	1	2	0	9	1	0	0	0	0	0	1	10013903	1	0	0	0
#我方胜利触发对话999051 10完成任务999000031
999051	12	1	13	0	7	0	0	0	0	0	0	0	999051	10	0	0	0
999051	13	0	0	0	0	0	0	0	0	0	0	6	999000031	0	0	0	0

#完成养成任务6000182后触发支援85014701
851076	12	1	0	0	0	0	9	0	6000182	0	0	1	85014701	0	0	0	0
#完成了quest任务后触发对话99999 3，99904601加入我方队伍
210086	101	1	102	0	0	0	8	0	999000026	0	0	0	99999	3	0	0	0
210086	102	0	0	0	0	0	0	0	0	0	0	1	99904601	0	0	0	0
#正在进行quest任务触发对话99999 3，99904601加入我方队伍
210086	101	1	102	0	0	0	7	0	999000026	0	0	0	99999	3	0	0	0
210086	102	0	0	0	0	0	0	0	0	0	0	1	99904601	0	0	0	0


#85007801死亡后触发buff500000 给99999999
851076	4	1	5	0	5	85007801	0	0	0	0	0	4	99999999	500000	0	0	1
检查99904901血量低于80%触发
999049	1	1	2	0	4	99904901	1	4	0	80	0	0	999049	1	0	0	0
#检查85007701血量大于10%触发支援85007801
851076	5	0	6	0	0	85007701	1	1	0	10	0	1	85007801	1	112	0	1
#撤退10007404，10007503
120404	93	0	94	0	0	0	0	0	0	0	0	7	10007404	0	0	0	0
120404	94	0	0	0	0	0	0	0	0	0	0	7	10007503	0	0	0	0
#转换阵营到自己
120405	14	0	15	0	0	0	0	0	0	0	0	2	10001105	0	0	0	0
#加前置条件
999999	1	1	2	0	7	0	0	0	0	0	0	0	99999998	1	0	1	0
999999	2	0	3	0	0	0	0	0	0	0	0	6	999000002	0	0	0	0
999999	3	0	4	0	0	0	0	0	0	0	0	6	999000003	0	0	0	0
999999	4	0	5	0	0	0	0	0	0	0	0	6	999000004	0	0	0	0
999999	5	0	0	0	0	0	0	0	0	0	0	6	999000005	0	0	0	0
#战斗第3回合触发对话210088001 5
210088	5	1	6	0	6	3	0	0	0	0	0	0	210088001	5	0	0	0

#直接胜利
999048	7	0	0	0	0	0	0	0	0	0	0	9	0	0	0	0	0

#夜叉江府
#不打 战斗第3会和触发对话
#100028	35	1	36	0	6	3	0	0	0	0	0	0	910002101	47	0	1	0
#100028	44	0	45	0	0	0	0	0	0	0	0	6	10001001	0	0	0	0
#100028	45	0	0	0	0	0	0	0	0	0	0	9	0	0	0	0	0
#打 10001401行动后10001103掉血 触发对话
100028	6	1	7	0	1	10001401	5	0	10001103	0	0	0	910002101	29	0	1	0
#100028	22	0	0	0	0	0	0	0	0	0	0	6	10001002	0	0	0	0
